2 0.1715 0.766640625 0.052828125000000004 0.07198437499999999
2 0.0398125 0.591 0.048359374999999996 0.059968749999999994
2 0.32478125 0.8172656249999999 0.11829687499999997 0.19109374999999992
2 0.54203125 0.240453125 0.043906250000000036 0.06423437500000002
2 0.8355625 0.378140625 0.10862499999999997 0.08960937500000003
2 0.598953125 0.71009375 0.2247031250000001 0.128515625
2 0.1023125 0.061078125000000004 0.11085937500000002 0.08050000000000002
2 0.07515625000000001 0.230765625 0.04315625000000001 0.06273437499999998
2 0.09709375 0.34278125 0.06473437500000001 0.06801562499999995
2 0.34895312500000003 0.27878125 0.09078125000000004 0.073921875
2 0.197171875 0.364 0.055062500000000014 0.04346874999999999
2 0.173359375 0.25012500000000004 0.04315625000000001 0.07465625000000005