2 0.5081562500000001 0.08832812500000001 0.14479687499999994 0.12040625
2 0.7256874999999999 0.0681875 0.15971874999999996 0.12179687500000003
2 0.2180625 0.42890625 0.1305625 0.16960937499999998
2 0.7 0.8430781250000001 0.23889062499999988 0.2854531250000001
2 0.645484375 0.27303125 0.13125 0.142578125
2 0.574484375 0.51934375 0.14548437500000003 0.22201562500000005
2 0.4243125 0.46101562500000004 0.1125 0.09148437499999992
2 0.467359375 0.7555781250000001 0.19860937500000003 0.3160312500000001
4 0.0640625 0.856796875 0.11909375 0.27190624999999996
4 0.130375 0.193703125 0.13923437500000002 0.12628124999999998
2 0.267359375 0.20410937499999998 0.07082812499999998 0.20265624999999998
2 0.789578125 0.41693749999999996 0.24582812500000006 0.09359374999999996