3 0.47985937500000003 0.22146875000000002 0.12917187499999994 0.22348437499999996
2 0.62934375 0.186921875 0.18298437500000003 0.3036875
3 0.596875 0.41796875 0.11735937500000002 0.08871874999999996
1 0.4618125 0.405296875 0.09028124999999995 0.12240625000000005
3 0.22673437500000002 0.685984375 0.14096875000000003 0.09698437500000008
2 0.1756875 0.49381250000000004 0.2680625 0.27860937500000005
3 0.5756875 0.8012499999999999 0.22082812500000007 0.18860937500000005
3 0.659890625 0.667078125 0.16354687499999992 0.09039062500000003
2 0.4649375 0.799859375 0.09235937500000002 0.255265625
2 0.7496562499999999 0.8713906250000001 0.12292187500000003 0.07887500000000003
2 0.8881875000000001 0.69015625 0.09582812499999989 0.09142187499999999