2 0.29984375 0.27953125 0.08184374999999999 0.10220312500000003
2 0.454984375 0.204734375 0.08407812500000009 0.09100000000000001
2 0.751484375 0.34390624999999997 0.09226562499999993 0.08364062500000005
2 0.697546875 0.21960937500000002 0.11384375000000002 0.09398437499999998
2 0.552828125 0.272453125 0.10565625000000001 0.11039062499999996
2 0.8139843750000001 0.62153125 0.19940624999999992 0.15673437499999993
2 0.65178125 0.52215625 0.11607812499999995 0.07853124999999998
2 0.67484375 0.656875 0.10862499999999997 0.09796875000000008
2 0.75075 0.50875 0.14434375000000008 0.06065625000000008
2 0.334828125 0.6349218750000001 0.142859375 0.12101562500000007
2 0.437875 0.764046875 0.13020312500000003 0.12481250000000008