2 0.8125 0.48946875 0.333328125 0.34284374999999995
3 0.08349999999999999 0.46206250000000004 0.09409375 0.07274999999999991
2 0.21875 0.6448437499999999 0.21528124999999995 0.18482812499999995
3 0.4743125 0.260015625 0.07360937500000002 0.08529687499999997
4 0.555375 0.29298437499999996 0.04479687499999994 0.22762500000000005
3 0.315453125 0.070109375 0.196875 0.140203125
4 0.594625 0.05378125 0.21354687499999994 0.10340625
4 0.18784375 0.267296875 0.09096874999999997 0.120703125
2 0.27778125 0.226328125 0.125 0.10821874999999999
2 0.3368125 0.90140625 0.173609375 0.191
2 0.49167187500000004 0.63825 0.24721875000000004 0.275796875
2 0.8881875000000001 0.745015625 0.16528124999999996 0.242765625