2 0.43454000000000004 0.20206 0.10182000000000005 0.06884000000000003
2 0.43145999999999995 0.29244 0.09927999999999998 0.11503999999999999
2 0.5328999999999999 0.28424 0.062180000000000006 0.08775999999999999
2 0.38218 0.40626 0.08436000000000002 0.05908000000000004
2 0.46346 0.50556 0.17782000000000006 0.10491999999999996
2 0.35818 0.53828 0.05089999999999998 0.06855999999999994
2 0.26145999999999997 0.47464 0.10472000000000002 0.094
2 0.25582 0.61048 0.04617999999999998 0.04931999999999993
2 0.42182 0.62848 0.12727999999999998 0.07442000000000007
2 0.50146 0.76522 0.06110000000000002 0.057
3 0.6508999999999999 0.49992000000000003 0.12 0.17730000000000007