2 0.46418000000000004 0.40918 0.10654000000000002 0.15217999999999995
2 0.604 0.47064 0.12072000000000002 0.09327999999999997
2 0.72836 0.48445999999999995 0.07853999999999996 0.06273999999999995
2 0.43528 0.21442 0.20509999999999998 0.09356
2 0.61418 0.2806 0.039279999999999975 0.06594000000000003
2 0.25182 0.38554 0.14146000000000003 0.12672000000000003
2 0.30528 0.6752400000000001 0.276 0.29518000000000005
2 0.48710000000000003 0.61102 0.04327999999999997 0.06857999999999993
2 0.556 0.64066 0.08290000000000008 0.05877999999999997
2 0.65654 0.75014 0.06218000000000006 0.037720000000000024
2 0.6469 0.67502 0.04653999999999996 0.03659999999999991