2 0.37927999999999995 0.37898000000000004 0.04946000000000004 0.06998000000000001
2 0.46272 0.27133999999999997 0.26363999999999993 0.16013999999999998
2 0.242 0.55956 0.13489999999999996 0.10748000000000002
2 0.05982 0.8207000000000001 0.11236 0.07701999999999998
2 0.1631 0.6954 0.07163999999999998 0.06279999999999995
2 0.24546000000000004 0.6854 0.04364000000000001 0.039160000000000084
2 0.49545999999999996 0.62522 0.09636000000000002 0.13333999999999993
2 0.59436 0.57684 0.061460000000000035 0.04383999999999992
2 0.69672 0.6452 0.06618000000000006 0.06424
2 0.75346 0.41936 0.04872000000000003 0.041620000000000004
2 0.7848999999999999 0.5375599999999999 0.049819999999999934 0.06711999999999994
2 0.41036 0.74922 0.08618000000000006 0.05407999999999993
2 0.49563999999999997 0.40772 0.064 0.04744000000000005
2 0.46782 0.48882 0.08472000000000003 0.10056000000000007
2 0.6478200000000001 0.3237 0.030180000000000064 0.03213999999999999