2 0.3 0.25824 0.08 0.061220000000000024
2 0.348 0.12896000000000002 0.07418000000000007 0.10445999999999998
2 0.4491 0.2206 0.10181999999999994 0.09866000000000003
2 0.49436 0.35372000000000003 0.08690000000000003 0.07396000000000004
2 0.5734600000000001 0.19388 0.13236000000000006 0.20158000000000004
2 0.62382 0.45864 0.15672000000000003 0.19292
2 0.28836 0.45427999999999996 0.23127999999999999 0.24238000000000004
2 0.24036000000000002 0.6514 0.048 0.054779999999999975
2 0.35528 0.64266 0.11781999999999994 0.1245999999999999
2 0.47182 0.53266 0.12910000000000002 0.15548
2 0.564 0.59574 0.0843599999999999 0.09622000000000003
2 0.41018 0.7634 0.19127999999999998 0.07518000000000007
2 0.414 0.025120000000000003 0.07889999999999998 0.05022
2 0.5448999999999999 0.025120000000000003 0.07890000000000004 0.05022
2 0.47236 0.08857999999999999 0.06110000000000002 0.06006