2 0.50218 0.42828 0.17889999999999998 0.12853999999999996
3 0.46236 0.75018 0.41564000000000006 0.49964000000000003
2 0.33182 0.69996 0.14727999999999997 0.19918000000000005
2 0.32618 0.42372000000000004 0.08872000000000002 0.05034000000000003
2 0.41781999999999997 0.5461 0.15563999999999997 0.05875999999999999
2 0.60146 0.58774 0.13746000000000003 0.06568000000000006
2 0.51418 0.72468 0.10835999999999996 0.04498000000000002
2 0.72146 0.1115 0.1156400000000001 0.09862
2 0.60582 0.07422 0.05890000000000009 0.04224000000000001
2 0.63618 0.1906 0.06509999999999991 0.056819999999999996
2 0.66546 0.25842000000000004 0.047279999999999975 0.028840000000000005
2 0.79836 0.29316000000000003 0.1276400000000001 0.05832000000000005
2 0.84254 0.18514 0.07418000000000007 0.08227999999999998
2 0.91472 0.27333999999999997 0.06946000000000004 0.0805