3 0.452 0.52306 0.8203600000000001 0.7799400000000001
2 0.37945999999999996 0.47356 0.060720000000000024 0.11363999999999999
2 0.1429 0.17296 0.08582 0.08336000000000002
2 0.49763999999999997 0.43644 0.05709999999999996 0.05398000000000002
2 0.8061799999999999 0.45974 0.2196400000000001 0.12963999999999992
2 0.6061799999999999 0.28298 0.24146000000000004 0.09613999999999999
2 0.35982 0.60084 0.06510000000000002 0.04822000000000003
2 0.34564 0.6499400000000001 0.044 0.03731999999999994
2 0.46818 0.5961000000000001 0.049100000000000026 0.031480000000000015
2 0.54364 0.64738 0.0436400000000001 0.05405999999999995
2 0.45146 0.7165 0.07382000000000005 0.04679999999999995
2 0.6132799999999999 0.79868 0.172 0.08027999999999998
2 0.7923600000000001 0.71594 0.13381999999999994 0.10025999999999999