2 0.6528999999999999 0.41172000000000003 0.2003599999999999 0.13544000000000006
2 0.36963999999999997 0.24331999999999998 0.048360000000000014 0.05320000000000002
2 0.41328 0.16732 0.06289999999999998 0.024819999999999995
2 0.84146 0.3488 0.09381999999999993 0.10415999999999997
2 0.7116399999999999 0.6839400000000001 0.07418000000000007 0.03624000000000001
2 0.43889999999999996 0.62266 0.08146000000000003 0.07731999999999993
2 0.40854 0.7182999999999999 0.060720000000000024 0.04316000000000008
2 0.54618 0.83488 0.07053999999999996 0.05448000000000002
2 0.5049 0.89124 0.07164000000000004 0.07268000000000006
2 0.6658200000000001 0.77886 0.055279999999999975 0.08792000000000007
2 0.43836 0.33662000000000003 0.04763999999999999 0.047039999999999964
2 0.42728 0.45482 0.07272000000000002 0.08710000000000002
2 0.24109999999999998 0.49682 0.020360000000000014 0.029279999999999973
2 0.29054 0.58684 0.04653999999999996 0.052940000000000056
3 0.28854 0.37372000000000005 0.164 0.17944000000000004
3 0.65872 0.22334 0.2701800000000001 0.15140000000000003
3 0.67964 0.6083 0.34472 0.16131999999999994
2 0.5705399999999999 0.5782999999999999 0.0683599999999999 0.09040000000000009