2 0.54272 0.14314 0.08909999999999997 0.08189999999999999
2 0.654 0.20842 0.0789000000000001 0.07066000000000003
2 0.32618 0.24296 0.04510000000000002 0.04519999999999999
2 0.3669 0.31244 0.039279999999999975 0.045960000000000036
2 0.28382 0.47646 0.06582000000000002 0.06127999999999997
2 0.34128 0.5892000000000001 0.09346000000000004 0.06857999999999993
2 0.67728 0.5093799999999999 0.1109000000000001 0.06527999999999998
2 0.7838200000000001 0.43645999999999996 0.05490000000000009 0.12672000000000003
2 0.8091 0.16804 0.0363599999999999 0.05536000000000001
2 0.73636 0.6308400000000001 0.06546000000000003 0.0755
2 0.63854 0.92016 0.0516400000000001 0.11959999999999991
1 0.51928 0.62594 0.19127999999999998 0.28026
1 0.51218 0.3539 0.21709999999999996 0.18708000000000005
1 0.6718200000000001 0.31262 0.0636400000000001 0.07177999999999997
1 0.2711 0.32424000000000003 0.07672000000000002 0.03686000000000001