2 0.169 0.766 0.11 0.066
2 0.301 0.791 0.112 0.064
2 0.709 0.882 0.1 0.056
2 0.541 0.664 0.158 0.082
2 0.688 0.6 0.098 0.084
2 0.467 0.459 0.17 0.118
2 0.272 0.6 0.144 0.036
2 0.278 0.486 0.06 0.048
2 0.234 0.414 0.028 0.022
2 0.271 0.324 0.058 0.052
2 0.362 0.362 0.12 0.108
2 0.517 0.33 0.152 0.114
2 0.631 0.53 0.054 0.082
2 0.637 0.441 0.042 0.038
2 0.714 0.441 0.064 0.038
2 0.656 0.397 0.034 0.024
2 0.629 0.355 0.04 0.046
2 0.745 0.302 0.04 0.108
2 0.547 0.111 0.06 0.074
2 0.307 0.211 0.08 0.096
2 0.863 0.833 0.046 0.046
2 0.799 0.81 0.036 0.032
2 0.347 0.89 0.036 0.03