2 0.22072000000000003 0.411 0.09600000000000003 0.09036000000000001
2 0.28564 0.52792 0.07672000000000002 0.09512000000000007
2 0.154 0.60412 0.06072000000000001 0.06203999999999996
2 0.19382 0.76632 0.04218000000000001 0.05190000000000009
2 0.2709 0.79432 0.06546 0.07155999999999994
2 0.42510000000000003 0.8334199999999999 0.14110000000000003 0.08066000000000008
2 0.4209 0.9449 0.24546000000000004 0.08177999999999998
2 0.57128 0.57338 0.15709999999999996 0.19331999999999994
2 0.4909 0.40482 0.23635999999999996 0.09979999999999996
2 0.414 0.049479999999999996 0.07889999999999998 0.03642
2 0.556 0.018 0.036 0.036
2 0.6567200000000001 0.12113999999999998 0.11709999999999991 0.14336000000000002
1 0.75164 0.50864 0.023279999999999974 0.04927999999999997
1 0.6191 0.26480000000000004 0.1836400000000001 0.11793999999999998
1 0.53454 0.54374 0.06181999999999999 0.07220000000000004
1 0.62672 0.46682 0.0316400000000001 0.03108000000000004
2 0.69272 0.8270599999999999 0.15272000000000002 0.19231999999999994
2 0.558 0.8394199999999999 0.09053999999999997 0.10357999999999992
2 0.39036000000000004 0.62576 0.068 0.06531999999999993