2 0.33964 0.5192 0.10836000000000001 0.10674000000000002
2 0.51764 0.50046 0.11890000000000003 0.10928000000000003
2 0.322 0.65466 0.19310000000000002 0.06859999999999991
2 0.55436 0.6806599999999999 0.17053999999999997 0.08062000000000012
2 0.7571 0.41864 0.2596400000000001 0.27292000000000005
2 0.3451 0.20716000000000004 0.4028999999999999 0.26814
2 0.2369 0.89652 0.12471999999999997 0.10868000000000007
2 0.36182 0.81396 0.10182000000000005 0.06720000000000005
2 0.332 0.42407999999999996 0.12946000000000005 0.08743999999999993
2 0.46182 0.38916 0.06182000000000005 0.032159999999999966
2 0.21781999999999999 0.5532 0.11927999999999997 0.10568000000000007