2 0.38436000000000003 0.11568 0.16146000000000005 0.13972000000000004
2 0.45164 0.2226 0.07053999999999996 0.06266000000000002
2 0.44945999999999997 0.29462 0.06617999999999995 0.061220000000000024
2 0.5171 0.49701999999999996 0.15781999999999993 0.3315
2 0.27054 0.26116 0.04289999999999998 0.05248000000000002
2 0.37836000000000003 0.3048 0.05127999999999997 0.0525
2 0.25382 0.36134 0.03853999999999999 0.03832000000000005
2 0.21963999999999997 0.5051800000000001 0.04581999999999999 0.06202000000000004
2 0.25945999999999997 0.6212000000000001 0.05346000000000001 0.0598599999999999
2 0.41981999999999997 0.58538 0.076 0.09368000000000007
2 0.34346 0.6594 0.05417999999999995 0.04170000000000004
2 0.4531 0.6508400000000001 0.04436000000000001 0.06459999999999991
3 0.35818 0.44627999999999995 0.13817999999999994 0.16820000000000004