2 0.43186 0.48684 0.12148000000000002 0.11441999999999995
2 0.34444 0.30874 0.08 0.07377999999999997
2 0.50222 0.14656 0.13777999999999999 0.16718
2 0.6481399999999999 0.36354000000000003 0.0918599999999999 0.10338
2 0.77074 0.5194 0.07481999999999994 0.224
2 0.64074 0.7701 0.10370000000000004 0.13426
2 0.39926 0.836 0.08296000000000003 0.11498000000000001
2 0.31148000000000003 0.88562 0.07186000000000001 0.0630999999999999
2 0.22444 0.81824 0.03556 0.07053999999999996
2 0.53518 0.92562 0.13703999999999997 0.10751999999999998
2 0.70148 0.9126599999999999 0.18074 0.10381999999999994