2 0.40546 0.26733999999999997 0.11636000000000002 0.13032000000000002
2 0.48910000000000003 0.17532 0.03636000000000001 0.05536000000000001
2 0.64546 0.30426 0.16 0.22234000000000004
2 0.46054 0.43864 0.14289999999999997 0.13110000000000002
2 0.51528 0.7586799999999999 0.14690000000000003 0.08753999999999997
2 0.7171000000000001 0.7765 0.07781999999999993 0.043180000000000066
2 0.19346000000000002 0.42262 0.04871999999999997 0.05544000000000005
2 0.2791 0.3339 0.12181999999999997 0.21252
2 0.2571 0.8276 0.12510000000000002 0.11266000000000008
2 0.392 0.8387 0.05310000000000002 0.04392000000000007
2 0.32689999999999997 0.5701 0.04653999999999996 0.04857999999999993
3 0.63254 0.61576 0.23236000000000012 0.20170000000000005
2 0.5494600000000001 0.046939999999999996 0.04072000000000003 0.038599999999999995
2 0.56836 0.16386 0.07853999999999996 0.087
2 0.63928 0.45244 0.03853999999999996 0.027799999999999953
2 0.75128 0.50028 0.029819999999999937 0.039819999999999994
3 0.202 0.63722 0.20036 0.26644000000000007