2 0.632 0.16534000000000001 0.2130999999999999 0.24994
2 0.45546 0.31898000000000004 0.11817999999999995 0.14634000000000003
2 0.42 0.48519999999999996 0.14546000000000003 0.20965999999999996
2 0.34236 0.17006 0.08836000000000001 0.13574
2 0.42272000000000004 0.17004 0.03817999999999995 0.063
2 0.49236 0.03056 0.07927999999999998 0.02768
2 0.28036 0.41464 0.06981999999999997 0.18491999999999995
2 0.8178200000000001 0.53174 0.21381999999999993 0.11366000000000002
2 0.91728 0.81268 0.05272000000000003 0.07555999999999995
2 0.9401799999999999 0.38480000000000003 0.07672000000000002 0.05251999999999998
2 0.8041799999999999 0.11131999999999999 0.13927999999999996 0.14553999999999997