2 0.57328 0.33316 0.15018000000000006 0.12377999999999997
2 0.368 0.42607999999999996 0.17964 0.12417999999999994
2 0.15946000000000002 0.43428 0.07890000000000003 0.166
2 0.18509999999999996 0.8296 0.22835999999999998 0.17848000000000003
2 0.41146 0.9265399999999999 0.19746000000000002 0.14690000000000009
2 0.63018 0.91434 0.144 0.09342000000000007
2 0.5931000000000001 0.58684 0.11346000000000003 0.15477999999999997
2 0.7509 0.50284 0.1090999999999999 0.18312
2 0.79272 0.6664800000000001 0.06909999999999991 0.08859999999999991
2 0.40617999999999993 0.12478 0.24871999999999997 0.13609999999999997
2 0.22472 0.26916 0.05310000000000002 0.03939999999999998
3 0.43836 0.6954199999999999 0.5421800000000001 0.31010000000000015
2 0.43889999999999996 0.62574 0.05236000000000001 0.05077999999999997