2 0.1691 0.2337 0.10909999999999997 0.06665999999999997
2 0.30146 0.20878 0.112 0.06409999999999996
2 0.70854 0.11785999999999999 0.10072000000000003 0.05679999999999998
2 0.54128 0.33626 0.15890000000000004 0.08270000000000005
2 0.68764 0.40008 0.09890000000000009 0.08308000000000004
2 0.4671 0.5412 0.17053999999999997 0.11803999999999996
2 0.27218000000000003 0.40026 0.14436000000000002 0.03615999999999997
2 0.27764 0.5135599999999999 0.060720000000000024 0.04820000000000005
2 0.23418 0.5861000000000001 0.028360000000000014 0.02240000000000009
2 0.27054 0.67576 0.05746000000000001 0.05259999999999991
2 0.36163999999999996 0.6379400000000001 0.11963999999999998 0.10788000000000011
2 0.51746 0.6699400000000001 0.15127999999999997 0.11372000000000003
2 0.6311 0.47046 0.05490000000000009 0.082
2 0.63746 0.55938 0.042180000000000065 0.038019999999999984
2 0.71382 0.55938 0.064 0.038019999999999984
2 0.65564 0.60302 0.03490000000000009 0.023480000000000018
2 0.6287200000000001 0.64538 0.039279999999999975 0.04642000000000007
2 0.7451 0.6977599999999999 0.039279999999999975 0.10751999999999998
2 0.54672 0.8887 0.060720000000000024 0.0748599999999999
2 0.30728 0.78886 0.08 0.097
2 0.86272 0.16696 0.045460000000000035 0.045899999999999976
2 0.7994600000000001 0.19041999999999998 0.03527999999999997 0.031
2 0.3469 0.11040000000000001 0.035639999999999984 0.03097999999999999