3 0.5796399999999999 0.52778 0.632 0.93348
2 0.30763999999999997 0.2517 0.04436000000000001 0.04812
2 0.5781799999999999 0.14096 0.0996400000000001 0.09207999999999998
2 0.4491 0.23714 0.043639999999999984 0.04812
2 0.46418 0.37862 0.048360000000000014 0.07651999999999998
2 0.54128 0.44864 0.05709999999999991 0.052899999999999975
2 0.6965399999999999 0.35134 0.0403599999999999 0.05832000000000005
2 0.8074600000000001 0.44445999999999997 0.06581999999999993 0.05543999999999994
2 0.74364 0.49028 0.06546000000000003 0.04527999999999997
2 0.75328 0.5524600000000001 0.052 0.031480000000000015
2 0.63146 0.74068 0.0629000000000001 0.06244000000000006
2 0.35328 0.59194 0.15381999999999993 0.15042000000000008
2 0.36036 0.39008 0.055279999999999975 0.07398000000000002
2 0.33836 0.31788 0.07310000000000003 0.04958000000000004
2 0.36763999999999997 0.46518 0.055279999999999975 0.06053999999999996
2 0.5678200000000001 0.57392 0.07381999999999994 0.06712000000000012