2 0.51654 0.39280000000000004 0.06581999999999993 0.08308000000000004
2 0.53328 0.6379400000000001 0.04109999999999991 0.06424
2 0.63364 0.61212 0.06727999999999998 0.0635
2 0.7181799999999999 0.34354 0.058180000000000065 0.12634000000000004
2 0.62582 0.30862 0.048 0.07103999999999996
2 0.466 0.2557 0.05927999999999997 0.07793999999999997
2 0.33054 0.52246 0.024720000000000027 0.06238000000000005
2 0.34818 0.40262 0.04182000000000005 0.05179999999999996
2 0.43510000000000004 0.45464 0.048360000000000014 0.046720000000000025
2 0.43472000000000005 0.60284 0.040360000000000014 0.041299999999999955
2 0.39018 0.6619400000000001 0.027639999999999987 0.024960000000000038
2 0.5731 0.1715 0.06618000000000006 0.03681999999999999