2 0.52164 0.12732 0.22146000000000005 0.19210000000000002
2 0.3471 0.31388 0.076 0.0925
2 0.53146 0.49119999999999997 0.10290000000000003 0.14530000000000007
2 0.204 0.47954 0.07710000000000003 0.04927999999999997
2 0.36363999999999996 0.83488 0.08363999999999999 0.08355999999999994
2 0.7341799999999999 0.70704 0.09018000000000007 0.07151999999999999
2 0.77418 0.59574 0.05381999999999994 0.06711999999999989
2 0.78946 0.962 0.0843599999999999 0.076
2 0.49036 0.8167000000000001 0.11527999999999997 0.16357999999999992
3 0.26489999999999997 0.63812 0.31889999999999996 0.20644000000000007
3 0.5578200000000001 0.33716 0.25381999999999993 0.10996000000000003
3 0.68128 0.48663999999999996 0.16981999999999994 0.11074
3 0.5705399999999999 0.6439400000000001 0.15563999999999992 0.10170000000000004
3 0.34818 0.449 0.14364 0.10453999999999997