2 0.49128 0.467 0.055279999999999975 0.14420000000000005
2 0.32764 0.6419400000000001 0.17889999999999998 0.18133999999999992
2 0.1869 0.64866 0.05018000000000001 0.11842000000000007
2 0.38436000000000003 0.41864 0.07418000000000007 0.09836000000000002
2 0.47346 0.26733999999999997 0.08510000000000002 0.08667999999999998
2 0.49218 0.3588 0.12617999999999996 0.08415999999999997
2 0.6021799999999999 0.5506599999999999 0.09527999999999998 0.09329999999999995
2 0.52328 0.7526799999999999 0.07564000000000004 0.12281999999999994
2 0.68364 0.8787 0.2 0.1094000000000001
2 0.7549 0.61902 0.06618000000000006 0.0991400000000001
2 0.6798200000000001 0.5221 0.036 0.03983999999999997
2 0.47528 0.58902 0.06689999999999997 0.04275999999999999
2 0.73872 0.78996 0.0956400000000001 0.048279999999999976