2 0.5625399999999999 0.5452 0.24146000000000004 0.20603999999999997
2 0.714 0.53664 0.0316400000000001 0.03983999999999992
2 0.74436 0.6468400000000001 0.08146000000000003 0.09296000000000004
2 0.5854600000000001 0.67776 0.06181999999999994 0.0311400000000001
2 0.5629 0.75758 0.04581999999999994 0.049
2 0.65964 0.79686 0.1083599999999999 0.08392000000000008
2 0.36582 0.5441 0.10253999999999996 0.06566000000000002
2 0.30382 0.59866 0.040360000000000014 0.029299999999999955
2 0.28764 0.68812 0.055279999999999975 0.06279999999999995
2 0.41928 0.82252 0.18763999999999992 0.11701999999999999
2 0.41728 0.71648 0.049100000000000026 0.03225999999999999