2 0.39089999999999997 0.30751999999999996 0.11636000000000002 0.10524000000000001
2 0.28854 0.09804000000000002 0.12618 0.12262000000000002
2 0.42072000000000004 0.14768 0.13236 0.16010000000000002
2 0.1789 0.33080000000000004 0.06328000000000003 0.09360000000000002
2 0.24109999999999998 0.39154 0.049459999999999976 0.062340000000000034
2 0.23018 0.46008 0.07127999999999997 0.06489999999999997
2 0.33054 0.44989999999999997 0.12653999999999996 0.10272000000000003
2 0.46272 0.39736 0.07453999999999997 0.08851999999999999
2 0.12254 0.20878 0.11781999999999998 0.1223
2 0.61546 0.45682 0.08909999999999992 0.09472000000000003
2 0.688 0.44208 0.04872000000000003 0.08346000000000003
2 0.50546 0.51828 0.07636000000000001 0.06492000000000002
3 0.41328 0.6459400000000001 0.23746000000000003 0.18207999999999994