2 0.45036000000000004 0.20788 0.19527999999999998 0.16776
2 0.5714600000000001 0.30933999999999995 0.06653999999999996 0.05796000000000004
2 0.5549 0.38989999999999997 0.14618000000000006 0.07726
2 0.27346 0.39808 0.06327999999999998 0.06088
2 0.18653999999999998 0.62212 0.05671999999999997 0.07259999999999991
2 0.35018 0.62612 0.13672000000000004 0.05877999999999997
2 0.34164 0.72994 0.14510000000000003 0.081
2 0.5131 0.69212 0.06981999999999994 0.04898000000000002
2 0.6289 0.62612 0.05053999999999997 0.04422000000000003
2 0.5709 0.7426799999999999 0.12 0.09918000000000006
2 0.6789 0.4761 0.0523599999999999 0.05327999999999997
2 0.52854 0.45027999999999996 0.068 0.06708000000000004
2 0.282 0.47664 0.040360000000000014 0.04346000000000003
2 0.33982 0.5441 0.046899999999999976 0.03655999999999995
3 0.39618000000000003 0.43754000000000004 0.12327999999999997 0.13617999999999994