2 0.32982 0.19786 0.05236000000000001 0.056819999999999996
2 0.40946 0.39046 0.14617999999999995 0.21289999999999998
2 0.5991000000000001 0.44954 0.09272000000000002 0.15291999999999997
2 0.62746 0.26916 0.1203599999999999 0.15577999999999997
2 0.7828999999999999 0.38408 0.08581999999999994 0.13834000000000002
2 0.53328 0.08113999999999999 0.23018000000000005 0.16226
2 0.4869 0.6846599999999999 0.06109999999999997 0.06679999999999996
2 0.5841799999999999 0.69376 0.1283599999999999 0.12133999999999992
2 0.82528 0.60884 0.12327999999999997 0.1805999999999999
2 0.6894600000000001 0.5992000000000001 0.1243599999999999 0.04857999999999993
2 0.74018 0.72376 0.0403599999999999 0.03225999999999999
2 0.6723600000000001 0.7836000000000001 0.0683599999999999 0.03190000000000009
2 0.11236 0.61394 0.0829 0.07440000000000009
2 0.15381999999999998 0.73958 0.049459999999999976 0.03844000000000006