2 0.43310000000000004 0.42463999999999996 0.15710000000000002 0.10672000000000002
2 0.39382 0.5572 0.20946000000000004 0.16457999999999998
2 0.52364 0.27898 0.15635999999999994 0.18268000000000004
2 0.646 0.15713999999999997 0.0629000000000001 0.07718000000000001
2 0.7352799999999999 0.2988 0.07053999999999996 0.11686000000000002
2 0.6387200000000001 0.491 0.092 0.09038000000000006
2 0.46054 0.7936 0.21564 0.17194000000000007
2 0.20818 0.26189999999999997 0.2781799999999999 0.34488
1 0.258 0.32626 0.07381999999999997 0.0445
1 0.15946000000000002 0.1415 0.06436000000000001 0.053180000000000005
1 0.22654 0.36351999999999995 0.049459999999999976 0.028139999999999988
1 0.5485399999999999 0.58848 0.028 0.06711999999999989