2 0.55872 0.30098 0.092 0.12124000000000001
2 0.36218 0.37262 0.12436000000000001 0.11179999999999995
2 0.41946 0.45827999999999997 0.11163999999999999 0.06853999999999996
2 0.41764 0.64486 0.30146000000000006 0.2453599999999999
2 0.58672 0.38354000000000005 0.0243599999999999 0.031779999999999975
2 0.6327200000000001 0.46172 0.04 0.035440000000000055
2 0.7221799999999999 0.4079 0.088 0.16053999999999996
2 0.6571 0.5332 0.03781999999999994 0.043839999999999976
2 0.76364 0.55102 0.06909999999999991 0.11585999999999996
2 0.68964 0.56338 0.03381999999999993 0.03875999999999999
2 0.64254 0.7761399999999999 0.0523599999999999 0.04972000000000003
2 0.55236 0.86778 0.16290000000000004 0.08757999999999992
3 0.67436 0.6664800000000001 0.17781999999999992 0.13226
3 0.578 0.20878 0.09418000000000007 0.04956