2 0.32018 0.21969999999999998 0.06582000000000005 0.10048000000000001
2 0.26145999999999997 0.32498 0.04653999999999999 0.08196000000000003
2 0.27272 0.51064 0.06182000000000002 0.05692000000000002
2 0.22146000000000002 0.92836 0.19928000000000004 0.14327999999999996
2 0.43328 0.88416 0.037460000000000035 0.040299999999999954
2 0.45182 0.95216 0.03817999999999995 0.05268000000000007
2 0.69836 0.81796 0.21127999999999997 0.09701999999999998
2 0.45764 0.7208600000000001 0.07889999999999998 0.08462000000000011
2 0.6307200000000001 0.6661 0.13418000000000008 0.12305999999999995
2 0.84364 0.6954 0.11272000000000003 0.09190000000000009
2 0.612 0.41664 0.04946000000000004 0.05575999999999999
3 0.44236000000000003 0.42518 0.23746000000000003 0.22784000000000004
3 0.32218 0.7681399999999999 0.14617999999999998 0.10646000000000004