2 0.54 0.46646 0.06546000000000003 0.05217999999999995
2 0.6745399999999999 0.46772 0.058180000000000065 0.058360000000000016
2 0.75946 0.55702 0.04253999999999997 0.06601999999999998
2 0.1389 0.8234199999999999 0.08509999999999998 0.05701999999999998
2 0.31364 0.89416 0.14 0.0785
2 0.19963999999999998 0.62048 0.05381999999999999 0.0438599999999999
2 0.27236 0.57064 0.06836000000000002 0.024200000000000044
2 0.30236 0.6664800000000001 0.08110000000000002 0.07405999999999995
2 0.39854 0.79796 0.13889999999999997 0.09338000000000012
2 0.50218 0.7886799999999999 0.03345999999999998 0.07118000000000006
2 0.957 0.86 0.086 0.128
2 0.6169 0.7685 0.0629000000000001 0.04172000000000003
3 0.71272 0.91564 0.31636000000000014 0.16872000000000004
2 0.57472 0.03896 0.06581999999999993 0.051739999999999994
2 0.5649 0.20008 0.053460000000000035 0.06124000000000001
2 0.5829 0.3961 0.064 0.05329999999999995
3 0.6009 0.34084 0.30728 0.21913999999999997