2 0.4071 0.3608 0.10146000000000004 0.10634000000000003
2 0.38946 0.1706 0.11346000000000003 0.12592
2 0.68436 0.20296 0.0996400000000001 0.16883999999999996
2 0.43472000000000005 0.55302 0.06946000000000004 0.06529999999999996
2 0.52854 0.45427999999999996 0.16981999999999994 0.06781999999999994
2 0.6865399999999999 0.43136 0.0603599999999999 0.08744000000000006
2 0.63728 0.64358 0.07453999999999997 0.09370000000000005
2 0.51818 0.7045 0.13818000000000005 0.08825999999999999
2 0.20653999999999997 0.28862 0.10399999999999997 0.08194000000000003
2 0.27236 0.54412 0.08289999999999997 0.24024
2 0.54418 0.05312 0.10653999999999997 0.0437
2 0.6794600000000001 0.044759999999999994 0.0716400000000001 0.07787999999999999