3 0.47818 0.6225 0.37817999999999996 0.28426
3 0.71472 0.9228999999999999 0.4258199999999999 0.15418000000000007
2 0.7988999999999999 0.76578 0.20509999999999992 0.09081999999999994
2 0.56964 0.29569999999999996 0.08472000000000003 0.07067999999999995
2 0.34346 0.44264 0.08327999999999998 0.029980000000000017
2 0.43218 0.36372000000000004 0.08617999999999995 0.06851999999999998
2 0.60546 0.60812 0.1090999999999999 0.19370000000000004
2 0.2949 0.56156 0.06981999999999994 0.10057999999999999
2 0.45 0.5350199999999999 0.11453999999999996 0.09838000000000005
2 0.48782 0.65176 0.08836000000000001 0.09188000000000011
2 0.24636000000000002 0.62174 0.041820000000000024 0.050039999999999966
2 0.7771 0.9117999999999999 0.0596400000000001 0.08103999999999996
2 0.9574600000000001 0.9478 0.07127999999999997 0.07305999999999994
2 0.92164 0.49882000000000004 0.076 0.13874000000000006
2 0.9709 0.6132000000000001 0.058180000000000065 0.0875
2 0.8154600000000001 0.57156 0.05272000000000003 0.10968000000000007